566264640837910550
566265444948901918
566266706612191235
566266540320882699
566267212575277059
566267221546893341
566133087889522703
566133282719137804
566134346222927882
566136578473197569
566028573396434944
566029232342433813
566029358645510146
566030229563244568
566031256576589824
566031635837878283
566032802349318164
566033332660338698
566033704846360597
566056738844049468
566058403433152513
566061207706927105
566062418816401428
566063053519454218
566063974093684736
566065627823996928
566065902056112129
566065966367244329
566066603653857310
566068373604139011
566068941043138582
566071327946047498
566075160331943946
566075750638157824
566077013652144128
566078895862841354
566081425204445185
566394137189023754
566395474639192065
566082888353710111
566083773436002304
566087705461784576
566087789675020299
566087384320573440
566087815578910720
566088593014128642
566088905229598731
566089398823682066
566090392974524416
566091396373676033
566091757415301130
566091409032216606
566094474997137412
566094669285425153
566093637499355137
566094243115040769
566095491582918665
566095757585940480
566097363886800940
566098538610556940
566098811659747334
566100708449845260
566103228056469525
566103183794110474
566103759231647755
566103336340815883
566104447835439105
566107143070154763
566108564247019540
566110017606909984
566111282030313474
566112042340188180
566111891391381515
566112671808749578
566113034548805642
566114057904455680
566116197041700875
566117621091532844
566117221785534484
566119030273081344
566120506575683585
566120774549766184
566121308438659082
566120938341400587
566121899659231233
566122585369083915
566124274738397195
566124115262701570
566126006616981514
566128812417351681
566131237161271307
566132128249675787
566132052785758208
566001819449294874
566026619572060204
566018831164768258
566016718896496648
566011247951216671
566011288015339520
566012862779359263
566013393480318976
566014078300979220
566014528282689547
566015146879877140
566006791847018536
566007720415723520
566008497590894612
566008900260986880
566005445408587776
566005709691420683
566001773345636353
565994650737836032
565993016267898902
565990406458966017
565989283077292043
565987965080174592
565988073297412106
565988591747203093
565988872862040086
565988399102558312
565986623821578261
565985960400125962
565985090782494720
565978065218306068
564603566116044842
564603104574701588
564603068981837824
564602034653757440
564598622340251678
564600948404781100
564596842185097221
564597118606508032
564592926286413825
564594854974324748
564595429938036747
564591381754937384
564592573117890614
564592432340140052
564590971753463818
564587722870620200
564584860757262356
564587850184523793
564584408179277837
564584021158526977
564583876954030100
564581573996052491
564581938049056771
564581591280517123
564580402891849731
564581123607363605
564580676574380033
564559570114969647
564562444400328720
564562782264098816
564563959529734165
564564753024942091
564566850068021262
564566910881103882
564569789624745984
564567306127147018
564574220336758794
564575284901183500
564573778844188682
564575579974795276
564578067977076736
564578689661141000
564579336489926716
563737771798167592
563738558800723989
563738860161597450
563739262697340939
563739470570979329
563739043834232834
563739786993729585
563740269019660288
563741596986900480
563741865992781835
563741497883623425
563743015374422030
563743202885107713
563743261340991491
564543945598828575
564544544289325079
564549278920605697
564549357291175936
564549342061658114
564551078222364674
564551992417058816
564554413511802891
564555742951112760
564555118020919333
564555706297221120
564557049350979605
564556657800118289
564557017155371022
563731188812873729
563731988536754197
563733547773591554
563734705590108181
563734445509836800
563736076305563677
563737820913467432
563703680952696871
563705351849902081
563705245918560276
563705658747387924
563706355408437248
563706516176109581
563706935380017152
563707958429745152
563708502225190912
563708717829324800
563710640422912001
563711077683036161
563712009795928064
563711095148118016
563715276181602305
563715456754647043
563717406816469014
563717540468097046
563719610357121025
563720550791512065
563721201781047306
563721941978972170
563723129524846593
563723581851303976
563723885078642709
563725624338939922
563726225596743700
563726686009425940
563727158657417229
563726446250426399
563727930040123432
563729405835214872
563729485506019358
563730212907646986
563730680811356173
563731732189282326
565967848480964629
565976776279326725
565975544554848266
565973270197698596
565972318271045632
565970818421620756
565970331173519361
565969068331499531
565968058473250824
565965199551496194
565967226214154274
565966181450645516
565965296649895947
565965400710578187
565963938718547990
565977652125761556
565961124864983088
565960990710300712
565956257807073315
565956255068454923
565957836341903370
565957178716848168
565957457566892041
565959243048681523
565959684029284463
565955896853659669
565950731098652692
565950262012018688
565950198145351710
565948973756579847
565948656419733505
565943690980229132
565943997911269377
565944824524570629
565944829876633630
565945686705700888
565943772807168000
565942591263342609
565940379640135680
565940143832170569
565938546721161216
565937636146020372
565936694340354094
565936559279308805
565936588467601419
565934253271941131
565933652152680448
565930590138794002
565933425840750634
565928620804276244
566022384663134208
565929188117446688
565930857328803861
565930309586255892
565929966437662740
565926928062873610
565928156704538684
565924175244689419
565921677209501726
565916238518288404
565915702100492308
565914155710677018
565914127080488960
565912311710220326
565913446491750400
565910682822770707
384378389668167682
565904486602637322
565914868277051392
565920969974087680
565919153752637451
565917948397748270
565900533584363520
565901030169247751
565901714541248538
565901779271680000
565902002442469407
565902248941453312
565899149900251137
565899761488494602
565898001982160931
565896368724639745
565886040272011264
565885674927161345
565867561770680351
565853357055672331
565895298770010135
565892776789671948
565893529939738625
565893473996111881
565893979015610400
565890328436146176
565889773135200276
565889076880867341
565887377923375107
565883535819276289
565884953791954964
565891132043821076
565883221435219968
565870498743844874
565873516398772242
565875954178719745
565876149704720406
565880667444084737
565881791433539594
565881350985613323
565878654404395039
565878992410902528
565878269727997952
565543810638282753
565544279079125003
565542531857907712
565542421841182721
565547958267805706
565538258977685581
565538236802269226
565539747393699860
565542209999470592
565537987920658442
565537521862311986
565537807775432705
565533285267013632
565532049776312341
565531550028922881
565548504341282828
565531630538850304
565529187906093056
565530812943040512
565548833086636033
565523228928507914
565523617719255062
565524733056253953
565528530885017611
565529375278235658
565551978361520159
565850347172790282
565848595157352448
565851087613984778
565851443698073603
565867295981830144
565867584541425665
565867331473899541
565866166615277568
565865055112134676
565863741355196416
565863976299397141
565868644337319946
565868432092823573
565861700754997259
565860954517012481
565861043906019338
565860834819964958
565859128233164810
565857104275963905
565869566291476505
565856202366517258
565855933331406849
565851565756514304
565851952068558848
565981240495439892
565982041615892492
564603825160454155
564604411729412111
564607291584675840
564606994615631874
564608497908580352
564609395401687092
564611423733547019
564613572441800709
564614228758102036
564614949112905748
564615131976433685
564615741496623128
564614086529384458
564616081617190923
564617362515427347
564617967833186325
564616207983181844
564618182900449290
564620857910231061
564621225138192392
564622103576576010
564625156530503710
564626318453375017
564626539128422400
564627424449527819
564628221103046687
564628803012263946
564628961951219734
564629144894177283
564629365002862615
564630663714570261
564638180092018690
564637738146463754
564638642857836544
564639444615954433
564640182502948886
564639732798193715
564640952010932245
564641396397441045
564643048802222100
564643367066140693
564644895235768340
564646070517497856
564647014134972436
564649329092984832
564650168335728641
564650647794745375
564650763629101056
564651368481292309
564651502136852481
564654064915185674
564654461537222656
564655874279211028
564656359933739009
564656043192352791
564657031672233986
564658371983048716
564658650581303326
564659491166093333
564659555913433089
564659803834679306
564660317158899723
564660927178211357
564661032690122752
564661723890581516
564662301551099914
564662309247647757
564664576637927425
564595542714220569
564671728060596254
564672640384630784
564673909723496449
564674263244734464
564675224948178944
564675430179930113
564675843289251850
564676430529822750
564677762204434452
564677854827380759
564679562894639106
564680140475334676
564681381150588928
564680493660897310
564683243048402944
564683520794951680
564684296330412036
564684949475819523
565461148338487296
565462649379225630
565462348916195338
565463116440141826
565463887592292352
565463862141517835
565465216410714122
565468388843978805
565468958933647380
565468652325830656
565469951427608586
565471147723063317
565471319324360704
565475244945702942
565476954384498688
565476689115742209
565477054569775112
565478197857222656
565480172719964183
565479673543524364
565480348201254912
565481255773274118
565481297838080001
565481632983941131
565483411905576961
565484180037828619
565485560538595331
565484686042857473
565491929652133888
565491817479536660
565491558221348872
565492088603541516
565492954244841484
565494595866066966
565495576817434625
565496569693208586
565496810509041674
565497124628856844
565496977333420032
565497575998881792
565500522870734865
565501124941971474
565501847125884928
565502885824167942
565504082618351618
565503667613204483
565505765239029780
565507423499190283
565507850126884874
565507790542471168
565508289165787158
565510650110148618
565511958800105482
565512052005797888
565512572300951573
565515327236997131
565514138684489739
565516620135661601
565516618319265793
565518327880089600
565518648643551232
565519368612741140
565519321602981888
565519824931913748
565983693110247466
565983774626807810
565983322694484007
565997159154188311
565997452209946634
566268314943488023
566269528732991510
566273122668380160
566273876711964687
566274404204675113
566276419454500879
566278733372325908
566279973304926218
566282225440784405
566282054950453249
566282294516514826
566283896790974464
566284774453411841
566285772680855566
566287242272833559
566290304169279488
566291677602381843
566293986034319361
566294802510118982
566295545644187659
566297333793554453
566296845857456128
566379050415947790
566380004506861580
566381180837167107
566380663192682518
566383216706191360
566383506280939539
566384454373867557
566386103544709123
566386121676816400
566387405888684035
566388768265994241
566389118993694741
566388858212843531
203272960004325376
566390834581209133
566391080602435584
566392103870136346
566392781069877269
566393224269266970
566395969709801498
566397332741029899
566398282163814400
566398236127002638
566398514976784394
566399668536344595
566399719849459715
566408283041038346
566408226191573012
566409728763232267
566409741685882880
566410120305836052
566411017500753952
566410529287962634
543692832028885012
566412188038725632
566413045106999299
566413770230988820
566413442035220513
566414650481180672
268208751767453697
566417161946398721
566417175548526622
566420740656857099
566421279419400203
566421594688323606
566422213423529994
566422388078542868
566422605297483776
566424860348252171
566427657043050528
566429916611215381
566430723368550411
566430833666293763
566432578073133066
566436435817791518
566437462163849227
566439695194652682
566440012749602816
566440328694071335
566392413254451231
566441654593126410
566443753276178462
566459578515062794
566461444426694667
486910329788432395
566474357627551771
